1217
1648
596
475
1450
408
866
1393
1387
883
1409
1551
265
406
800
1018
499
631
686
825
894
493
679
1573
633
1580
253
1135
1698
1615
317
432
973
346
569
321
1071
717
1817
1603
194
306
439
1678
147
373
1745
1833
1360
146
577
661
132
1137
1462
1389
364
756
1030
1408
630
1344
703
791
1779
1354
1502
587
1822
195
1222
56
1823
1413
1005
904
870
1636
1848
1510
405
1560
367
1309
1430
913
1642
1507
276
613
1021
292
852
1170
1826
110
520
328
1755
1243
1274
1446
395
87
899
781
988
116
69
1219
1402
1699
1561
1516
33
1065
4
1737
312
737
968
492
1760
1863
299
36
233
1740
236
471
807
1154
821
1606
1639
1132
1263
1270
343
1171
1383
561
1601
591
690
555
1081
644
63
1702
867
776
11
1022
1849
1108
455
102
810
1315
1102
280
535
1870
494
291
1134
161
93
101
855
1279
1512
750
1542
887
1198
868
1735
792
42
1062
1112
1629
379
1583
1794
1650
1361
254
1067
808
1181
339
1474
733
995
466
1600
1831
477
1520
1316
89
450
467
293
399
203
1209
559
1854
1259
345
202
1262
598
1756
974
1229
1283
588
1195
508
1117
1029
635
1364
727
1633
1041
1713
1379
1498
1689
739
1478
491
182
552
1417
1094
158
871
142
1637
624
688
710
1799
1395
1839
1830
820
1216
27
1711
1059
1842
1504
1694
342
1175
71
907
813
541
910
58
1376
423
1640
1683
117
1433
390
745
1338
1563
1351
1859
1142
909
1440
622
39
1659
1000
326
479
362
1234
1765
574
1619
1728
174
959
1345
65
1392
829
1197
1741
1802
1592
1828
1286
684
403
599
83
221
135
1294
319
1834
1329
531
942
32
1136
893
1434
1631
316
625
1643
700
1726
914
1846
377
442
564
1412
617
740
563
1052
251
865
929
334
1235
902
1776
66
597
1489
407
505
1856
1355
1035
1457
1855
746
1066
754
1221
689
743
308
1394
86
922
1617
288
1291
205
1352
1150
1532
1130
1400
1645
1079
1180
850
926
429
1321
1652
1467
1074
780
1814
1581
1333
731
148
1812
1086
770
349
1257
1791
718
935
104
1297
502
576
1577
1168
507
619
1373
933
1380
674
1100
677
1174
1667
241
310
1766
1472
1627
490
1526
1143
1717
863
1769
1193
1157
949
1358
1068
20
153
1416
1539
394
227
1451
1194
840
891
1151
1075
128
1843
171
1188
1310
1303
47
1335
294
1545
91
322
827
1008
38
230
301
1200
1796
730
735
419
1407
1415
1458
716
1724
1567
304
831
79
1662
1304
191
1546
1535
1651
1436
1149
350
1341
281
1037
396
1232
16
352
238
1840
400
826
1835
804
80
1378
472
169
787
982
37
971
1626
1091
1348
1454
1495
159
980
658
1684
62
1471
1339
1482
1220
1806
1265
662
30
484
1014
1782
962
985
1330
1649
46
788
420
1019
944
1721
1404
263
838
663
639
1815
828
1422
554
1311
240
1550
1083
1080
1716
592
1429
996
651
779
313
1124
572
283
1013
1514
344
231
1420
59
1500
1127
1353
1396
411
975
834
1681
45
519
897
892
762
1366
790
1203
1719
385
1144
1753
842
1156
669
556
44
258
1564
1494
979
1461
1049
1566
369
724
219
1115
991
886
1869
522
224
1368
753
797
912
363
0
144
741
819
371
1110
305
397
748
1584
794
1390
50
389
908
452
1701
757
1607
1586
858
1496
628
1582
1120
1367
1298
1441
1133
177
1004
1386
311
1314
82
673
1587
1788
1547
351
915
165
131
256
900
543
1192
1179
687
70
25
882
774
1290
629
516
549
869
1632
550
61
1370
121
767
1604
999
655
444
246
1511
701
775
1761
333
1268
1448
8
769
1026
1323
1853
1201
141
125
707
943
1731
1453
1513
23
145
1363
1240
723
190
590
1011
1359
1105
1452
618
1056
156
386
1770
1773
565
696
1723
402
136
1527
1602
325
1700
1861
1050
92
1653
440
356
481
433
1481
1621
120
1654
884
307
1375
496
2
1266
501
771
1107
672
839
529
793
1808
1403
1244
421
244
955
1063
74
1166
830
1411
1437
94
601
358
1492
1836
513
1559
1153
1752
262
206
1691
896
359
1609
1177
1618
845
29
374
14
1003
1185
1410
225
460
7
860
1751
1087
1578
815
456
287
992
948
1821
534
872
303
1635
18
726
289
266
1057
1047
670
761
607
527
1774
880
1327
961
1158
722
1093
1666
175
857
295
1072
734
130
1622
1785
1506
919
1007
1365
659
1557
763
1305
340
1129
112
1690
1565
1118
388
1277
1116
51
457
1540
540
649
435
1612
180
179
1109
43
1350
1347
1466
261
889
773
749
969
1202
1807
514
185
1302
1816
111
1027
952
1475
176
6
1871
500
1851
1554
567
758
873
155
976
183
67
1147
192
824
660
1712
375
1468
1739
594
215
1214
772
1113
917
711
847
1238
806
139
216
1212
1443
461
785
332
140
956
107
818
1226
612
1589
1162
327
1140
229
1254
1155
178
627
888
851
1271
1442
1517
1524
1121
1675
470
77
713
415
113
1381
1477
981
1224
783
1558
1199
575
1421
799
1720
166
941
833
1844
528
354
1326
137
582
1497
1285
875
832
365
1590
1518
697
357
1860
1346
315
551
511
939
1763
932
1064
844
57
314
521
1734
376
259
1048
436
681
1357
1324
1176
602
1141
106
1405
1444
881
1534
1682
1189
699
272
1328
931
285
309
990
1006
667
546
1838
895
212
811
656
370
168
478
1399
235
1824
983
1688
755
480
1039
709
1549
31
1597
1253
525
445
1548
1320
468
282
885
1218
581
1705
483
103
890
1295
1576
122
664
353
1261
1743
52
167
715
923
1552
964
473
1428
1306
1418
331
937
1661
691
1340
19
1499
393
1501
997
1677
1819
1732
1792
1811
1017
1084
1680
1480
1426
1486
972
1473
96
918
1809
538
1750
1641
706
243
449
666
28
1594
409
1484
610
1460
537
498
318
255
1317
704
751
412
1778
1237
118
213
558
1465
1531
742
1401
611
1628
940
789
189
1423
1125
201
835
207
1211
109
21
300
1493
682
600
431
1470
1128
732
605
1818
712
524
1767
3
568
593
1241
463
614
1865
877
1239
1148
1167
278
1611
387
209
721
547
1282
764
1207
1523
1419
1082
1210
485
1572
760
1820
1247
226
853
68
861
1435
453
768
1528
417
539
950
903
160
197
1382
1215
1055
1868
1673
1748
482
685
616
1704
1730
874
786
108
1312
506
645
843
1432
1695
1754
1585
1088
99
48
1096
585
459
1764
657
1768
1187
1089
98
752
1273
1278
1269
275
1733
1032
430
1521
382
1562
1288
967
759
383
634
1483
247
1787
427
846
503
1251
105
218
823
1714
798
151
204
928
536
1250
1332
934
848
692
138
1391
986
1033
1025
744
1529
426
646
242
1845
1862
1710
1010
898
814
1804
1172
355
1707
495
782
945
636
510
133
198
1398
1644
1186
1537
993
586
509
720
1334
998
1663
578
381
1097
152
1813
1463
1541
1638
957
1744
665
1858
566
1012
1231
530
1377
1725
526
609
1397
856
523
1708
64
199
211
458
970
946
114
876
736
1284
220
1406
279
583
1810
298
260
1786
1227
640
200
570
1686
1208
1069
126
49
966
544
1867
124
1605
257
184
162
13
323
1139
1798
1438
1372
347
925
1747
778
1623
1095
1519
100
1016
248
465
841
654
1046
1255
1692
1630
859
181
1857
97
1709
143
1530
854
1746
115
15
1674
1369
252
1800
1099
1318
1445
1196
1795
250
812
35
1337
994
268
1825
154
1455
78
623
1272
1556
1424
642
809
1759
1276
615
157
398
965
1173
1479
1757
1044
1569
803
1076
274
802
222
553
1122
172
1020
562
1301
1275
557
1123
1103
1658
448
504
560
1427
1553
1772
1793
1777
1543
1045
1092
1722
34
816
486
1570
987
413
620
360
765
277
341
1775
1575
336
76
650
836
621
1536
73
188
1665
1749
1119
249
1447
1281
954
1671
1060
1371
1131
1040
55
1126
977
626
1036
1476
864
705
488
648
906
694
1246
17
1866
404
533
1508
1571
186
1213
1300
1042
920
698
1801
708
1101
849
738
1841
637
1252
924
193
1248
368
416
1515
1034
1610
1738
1267
584
1599
1596
210
438
1503
1803
72
85
784
1009
1672
40
88
1114
1687
1106
441
446
1070
938
668
271
1165
822
1784
1249
451
476
1715
1313
22
901
632
1374
329
1336
580
462
676
1164
1206
1693
1073
515
1591
1456
1322
1260
671
392
1001
1459
217
1706
239
1685
719
1054
963
24
1657
1205
424
1469
595
1669
978
267
573
725
647
443
953
1308
951
1634
1078
410
187
678
41
447
487
173
428
545
1233
497
234
777
1414
1111
675
1505
1163
129
366
361
1159
1258
290
728
984
1098
693
1090
1588
1852
54
1342
1805
1385
10
1647
1245
214
1145
930
641
1161
384
1146
1289
237
1228
123
1676
5
1538
337
1043
330
1727
401
1832
936
1280
391
1178
1299
1544
1837
1439
1780
489
1225
927
9
425
1614
695
1664
1028
60
414
1264
1160
801
1331
296
418
1533
232
1104
1485
1356
1024
837
26
1758
1293
1384
223
548
1827
228
273
1525
729
1593
603
747
702
1431
1169
95
1038
1655
638
905
589
163
604
518
1184
1742
1608
1449
1509
348
1613
1343
127
1487
1002
302
437
1236
90
512
1085
989
464
264
84
1646
1574
1656
81
380
579
320
947
1015
1797
1579
796
1568
1522
1296
1190
571
795
1061
606
1736
1242
532
434
1718
1058
1023
1183
921
1053
378
324
680
1152
1762
1319
53
1616
286
1660
270
1307
196
1696
960
714
1781
1488
766
1256
653
1790
1703
1598
1789
1191
1771
1031
1292
1491
245
474
862
208
150
916
269
958
1783
805
1829
1864
1425
878
652
75
1850
683
643
1729
1595
1325
134
817
1223
542
517
12
1555
1670
911
149
335
1077
1182
1362
1847
1287
338
1464
469
454
119
608
297
1625
1230
1051
422
1349
1620
1624
164
1388
1204
1138
879
372
170
1679
284
1490
1697
1668
1
